2258
1492
647
-196
-961
-1611
-2107
-2398
-2428
-2162
-1625
-850
71
998
1823
2441
2809
2944
2890
2659
2235
1593
729
-259
-1211
-1972
-2421
-2536
-2378
-2027
-1524
-881
-93
811
1725
2502
3013
3185
3016
2574
1962
1250
493
-301
-1112
-1852
-2402
-2652
-2557
-2172
-1601
-909
-109
775
1680
2466
2997
3177
3036
2658
2101
1400
561
-362
-1247
-1947
-2379
-2513
-2386
-2025
-1445
-686
202
1108
1920
2537
2911
3033
2895
2510
1913
1161
337
-488
-1252
-1898
-2361
-2561
-2452
-2027
-1354
-558
268
1048
1754
2353
2793
3011
2965
2655
2123
1456
741
51
-522
-923
-1135
-1161
-1030
-783
-461
-107
239
547
780
917
936
836
633
381
132
-93
-290
-464
-630
-764
-847
-854
-780
-644
-461
-239
5
256
496
695
821
836
717
462
94
-358
-863
-1385
-1870
-2280
-2569
-2680
-2571
-2198
-1527
-576
602
1911
3199
4306
5065
5363
5190
4630
3796
2766
1547
127
-1414
-2817
-3766
-4020
-3543
-2553
-1349
-166
904
1902
2876
3729
4250
4245
3664
2667
1553
588
-144
-670
-1073
-1382
-1546
-1499
-1226
-769
-216
338
844
1297
1700
2057
2329
2435
2281
1810
1023
1
-1144
-2269
-3313
-4219
-4922
-5313
-5229
-4577
-3367
-1766
-42
1540
2840
3813
4464
4778
4670
4077
3056
1791
505
-594
-1383
-1852
-2007
-1861
-1449
-828
-100
613
1191
1565
1718
1698
1559
1317
962
461
-204
-1007
-1873
-2736
-3545
-4211
-4662
-4823
-4615
-3985
-2955
-1625
-109
1438
2850
3941
4559
4649
4242
3469
2455
1241
-137
-1572
-2866
-3810
-4226
-4088
-3533
-2744
-1874
-1044
-349
165
454
512
366
43
-412
-947
-1527
-2119
-2661
-3112
-3455
-3661
-3716
-3580
-3194
-2524
-1572
-386
926
2255
3501
4532
5194
5378
5050
4267
3157
1861
498
-858
-2128
-3184
-3838
-3906
-3351
-2327
-1125
-11
931
1752
2478
3019
3210
2906
2162
1195
262
-471
-997
-1393
-1715
-1919
-1938
-1729
-1318
-797
-259
271
806
1376
1967
2492
2835
2891
2590
1941
1031
-47
-1207
-2350
-3395
-4242
-4763
-4822
-4345
-3344
-1944
-342
1270
2717
3871
4621
4915
4775
4284
3520
2554
1475
408
-525
-1195
-1508
-1445
-1049
-434
251
867
1337
1643
1816
1892
1871
1732
1439
958
279
-553
-1482
-2442
-3355
-4143
-4728
-5000
-4901
-4427
-3612
-2502
-1158
335
1816
3073
3917
4210
3962
3293
2361
1259
42
-1253
-2542
-3638
-4299
-4367
-3874
-3018
-2105
-1351
-818
-434
-110
168
304
182
-227
-840
-1514
-2117
-2606
-3026
-3424
-3805
-4105
-4223
-4059
-3553
-2700
-1550
-199
1223
2555
3652
4419
4788
4743
4298
3468
2288
863
-659
-2113
-3328
-4115
-4367
-4071
-3318
-2300
-1232
-260
558
1214
1696
1944
1867
1441
725
-92
-808
-1320
-1614
-1743
-1777
-1759
-1680
-1546
-1355
-1124
-859
-590
-353
-174
-68
-29
-42
-102
-220
-401
-648
-935
-1223
-1475
-1654
-1744
-1748
-1675
-1519
-1285
-992
-654
-319
-21
215
360
395
320
145
-109
-400
-705
-1006
-1270
-1482
-1630
-1679
-1617
-1448
-1188
-866
-530
